	class	0.05_0	0.2_0	0.07_0	1_0	0.1_0	0.5_0	0.7_0	0.02_0	0.001_0	0.002_0	0.005_0	0.007_0	0.01_0	Pfam_desc	cor
PF06134	+	0.445	1.042	0.604	0.883	0.776	1.030	0.803	0.000	0.000	0.000	0.000	0.000	0.000	L-rhamnose isomerase (RhaA)	0.681
PF05336	+	0.472	0.322	0.467	0.227	0.415	0.327	0.302	0.270	0.000	0.000	0.000	0.000	0.000	Domain of unknown function (DUF718)	0.647
PF09857	+	0.000	0.603	0.130	0.962	0.344	0.767	0.850	0.000	0.000	0.000	0.000	0.000	0.000	Uncharacterized protein conserved in bacteria (DUF2084)	0.511
PF06224	+	0.080	0.000	0.084	0.000	0.057	0.000	0.000	0.000	0.000	0.000	0.000	0.000	0.000	Winged helix DNA-binding domain	0.464
PF00982	+	0.117	0.000	0.110	0.000	0.048	0.000	0.000	0.000	0.000	0.000	0.000	0.000	0.000	Glycosyltransferase family 20	0.439
PF02358	+	0.021	0.000	0.000	0.275	0.000	0.066	0.071	0.000	0.000	0.000	0.000	0.000	0.000	Trehalose-phosphatase	0.418
PF07071	+	0.000	0.042	0.000	0.000	0.000	0.051	0.000	0.000	0.000	0.000	0.000	0.000	0.000	Protein of unknown function (DUF1341)	0.416
PF05035	+	0.000	0.000	0.000	0.076	0.000	0.000	0.000	0.000	0.000	0.000	0.000	0.000	0.000	2-keto-3-deoxy-galactonokinase	0.391
PF04261	+	0.000	0.024	0.000	0.000	0.000	0.028	0.000	0.000	0.000	0.000	0.000	0.000	0.000	Dyp-type peroxidase family	0.381
PF06568	+	0.000	0.004	0.000	0.000	0.000	0.018	0.000	0.000	0.000	0.000	0.000	0.000	0.000	Domain of unknown function (DUF1127)	0.366
PF09485	+	0.104	0.205	0.149	0.269	0.140	0.231	0.255	0.000	0.000	0.000	0.000	0.000	0.000	CRISPR-associated protein Cse2 (CRISPR_cse2)	0.366
PF13496	+	0.000	0.000	0.000	0.432	0.000	0.000	0.463	0.000	0.000	0.000	0.000	0.000	0.000	Domain of unknown function (DUF4120)	0.360
PF12408	+	0.000	0.000	0.000	0.099	0.000	0.000	0.000	0.000	0.000	0.000	0.000	0.000	0.000	Ribose-5-phosphate isomerase	0.359
PF08021	+	0.000	0.000	0.000	0.044	0.000	0.000	0.060	0.000	0.000	0.000	0.000	0.000	0.000	Siderophore-interacting FAD-binding domain	0.334
PF06353	+	0.000	0.133	0.000	0.065	0.000	0.197	0.000	0.000	0.000	0.000	0.000	0.000	0.000	Protein of unknown function (DUF1062)	0.334
PF00797	+	0.000	0.000	0.000	0.056	0.000	0.000	0.057	0.000	0.000	0.000	0.000	0.000	0.000	N-acetyltransferase	0.322
PF05145	+	0.000	0.015	0.000	0.000	0.000	0.000	0.000	0.000	0.000	0.000	0.000	0.000	0.000	Putative ammonia monooxygenase	0.317
PF01904	+	0.000	0.086	0.004	0.101	0.047	0.065	0.167	0.000	0.000	0.000	0.000	0.000	0.000	Protein of unknown function DUF72	0.299
PF09617	+	0.000	0.487	0.000	0.492	0.000	0.450	0.759	0.000	0.000	0.000	0.000	0.000	0.000	CRISPR-associated protein GSU0053 (Cas_GSU0053)	0.293
PF00161	+	0.000	0.000	0.000	0.090	0.000	0.000	0.000	0.000	0.000	0.000	0.000	0.000	0.000	Ribosome inactivating protein	0.293
PF03752	+	0.000	0.000	0.000	0.148	0.000	0.000	0.000	0.000	0.000	0.000	0.000	0.000	0.000	Short repeats of unknown function	0.293
PF00135	+	0.000	0.075	0.060	0.119	0.101	0.119	0.202	0.000	0.000	0.000	0.000	0.000	0.000	Carboxylesterase family	0.289
PF09907	+	0.000	0.000	0.000	0.044	0.000	0.000	0.000	0.000	0.000	0.000	0.000	0.000	0.000	Uncharacterized protein conserved in bacteria (DUF2136)	0.283
PF02567	+	0.000	0.000	0.000	0.048	0.000	0.000	0.000	0.000	0.000	0.000	0.000	0.000	0.000	Phenazine biosynthesis-like protein	0.281
PF13375	+	0.000	0.000	0.000	0.314	0.000	0.000	0.164	0.000	0.000	0.000	0.000	0.000	0.000	RnfC Barrel sandwich hybrid domain	0.273
PF12852	+	0.000	0.000	0.000	0.036	0.000	0.000	0.000	0.000	0.000	0.000	0.000	0.000	0.000	Cupin	0.250
PF11651	+	0.000	0.000	0.000	0.139	0.000	0.000	0.082	0.000	0.000	0.000	0.000	0.000	0.000	P22 coat protein - gene protein 5	0.231
PF02485	+	0.000	0.026	0.000	0.052	0.000	0.000	0.040	0.000	0.000	0.000	0.000	0.000	0.000	Core-2/I-Branching enzyme	0.219
PF12866	+	0.000	0.000	0.000	0.242	0.000	0.000	0.000	0.000	0.000	0.000	0.000	0.000	0.000	Protein of unknown function (DUF3823)	0.218
PF15599	+	0.000	0.000	0.000	0.345	0.000	0.068	0.100	0.000	0.000	0.000	0.000	0.000	0.000	Immunity protein 38	0.211
PF05015	+	0.000	0.013	0.000	0.000	0.000	0.068	0.000	0.000	0.000	0.000	0.000	0.000	0.000	Plasmid maintenance system killer protein	0.200
PF02055	+	0.000	0.170	0.000	0.359	0.020	0.325	0.436	0.000	0.000	0.000	0.000	0.000	0.000	O-Glycosyl hydrolase family 30	0.196
PF02469	+	0.000	0.002	0.000	0.000	0.000	0.000	0.000	0.000	0.000	0.000	0.000	0.000	0.000	Fasciclin domain	0.196
PF09314	+	0.000	0.000	0.018	0.000	0.018	0.000	0.013	0.000	0.000	0.000	0.000	0.000	0.000	Domain of unknown function (DUF1972)	0.195
PF14568	+	0.096	0.067	0.134	0.087	0.092	0.038	0.088	0.000	0.000	0.000	0.000	0.000	0.000	SMI1-KNR4 cell-wall	0.192
PF14031	+	0.000	0.000	0.000	0.034	0.000	0.000	0.000	0.000	0.000	0.000	0.000	0.000	0.000	Putative serine dehydratase domain	0.180
PF13701	+	0.000	0.133	0.000	0.000	0.079	0.000	0.174	0.000	0.000	0.000	0.000	0.000	0.000	Transposase DDE domain group 1	0.170
PF08803	-	0.000	0.000	0.000	-0.373	0.000	0.000	0.000	0.000	0.000	0.000	0.000	0.000	0.000	Putative mono-oxygenase ydhR	0.164
PF06152	+	0.000	0.036	0.000	0.000	0.000	0.139	0.295	0.000	0.000	0.000	0.000	0.000	0.000	Phage minor capsid protein 2	0.158
PF04466	+	0.000	0.003	0.000	0.102	0.013	0.000	0.000	0.000	0.000	0.000	0.000	0.000	0.000	Phage terminase large subunit	0.151
PF07849	+	0.000	0.000	0.000	0.142	0.000	0.000	0.000	0.000	0.000	0.000	0.000	0.000	0.000	Protein of unknown function (DUF1641)	0.141
PF10145	+	0.000	0.000	0.000	0.127	0.000	0.000	0.052	0.000	0.000	0.000	0.000	0.000	0.000	Phage-related minor tail protein	0.139
PF00891	+	0.000	0.026	0.000	0.000	0.000	0.055	0.055	0.000	0.000	0.000	0.000	0.000	0.000	O-methyltransferase	0.138
PF04606	-	0.000	0.000	0.000	-0.072	0.000	-0.028	-0.043	0.000	0.000	0.000	0.000	0.000	0.000	Ogr/Delta-like zinc finger	0.136
PF01658	+	0.000	0.000	0.000	0.000	0.007	0.000	0.000	0.000	0.000	0.000	0.000	0.000	0.000	Myo-inositol-1-phosphate synthase	0.124
PF08774	+	0.000	0.162	0.018	0.237	0.089	0.194	0.161	0.000	0.000	0.000	0.000	0.000	0.000	VRR-NUC domain	0.124
PF06634	+	0.000	0.000	0.000	0.065	0.000	0.000	0.000	0.000	0.000	0.000	0.000	0.000	0.000	Protein of unknown function (DUF1156)	0.120
PF03354	+	0.000	0.000	0.000	0.033	0.000	0.000	0.000	0.000	0.000	0.000	0.000	0.000	0.000	Phage Terminase	0.113
PF13166	+	0.000	0.214	0.054	0.000	0.142	0.212	0.324	0.000	0.000	0.000	0.000	0.000	0.000	AAA domain	0.112
PF13156	+	0.000	0.389	0.062	0.000	0.198	0.418	0.500	0.000	0.000	0.000	0.000	0.000	0.000	Restriction endonuclease	0.099
PF13309	-	0.000	0.000	0.000	-0.048	0.000	0.000	-0.016	0.000	0.000	0.000	0.000	0.000	0.000	HTH domain	0.098
PF08348	-	0.000	0.000	0.000	-0.046	0.000	0.000	-0.040	0.000	0.000	0.000	0.000	0.000	0.000	YheO-like PAS domain	0.098
PF01471	-	0.000	0.000	0.000	-0.200	0.000	0.000	0.000	0.000	0.000	0.000	0.000	0.000	0.000	Putative peptidoglycan binding domain	0.095
PF03241	-	0.000	0.000	0.000	-0.034	0.000	0.000	0.000	0.000	0.000	0.000	0.000	0.000	0.000	4-hydroxyphenylacetate 3-hydroxylase C terminal	0.090
PF13432	-	0.000	0.000	0.000	-0.009	0.000	0.000	0.000	0.000	0.000	0.000	0.000	0.000	0.000	Tetratricopeptide repeat	0.089
PF02927	+	0.000	0.000	0.000	0.106	0.000	0.000	0.036	0.000	0.000	0.000	0.000	0.000	0.000	N-terminal ig-like domain of cellulase	0.086
PF13007	-	0.000	0.000	0.000	-0.175	0.000	-0.074	0.000	0.000	0.000	0.000	0.000	0.000	0.000	Transposase C of IS166 homeodomain	0.086
PF13333	+	0.000	0.043	0.000	0.266	0.000	0.172	0.226	0.000	0.000	0.000	0.000	0.000	0.000	Integrase core domain	0.076
PF01051	-	0.000	0.000	0.000	-0.021	0.000	0.000	0.000	0.000	0.000	0.000	0.000	0.000	0.000	Initiator Replication protein	0.068
PF11015	+	0.000	0.093	0.000	0.000	0.000	0.288	0.000	0.000	0.000	0.000	0.000	0.000	0.000	Protein of unknown function (DUF2853)	0.067
PF08327	+	0.000	0.072	0.000	0.000	0.001	0.029	0.000	0.000	0.000	0.000	0.000	0.000	0.000	Activator of Hsp90 ATPase homolog 1-like protein	0.060
PF13470	+	0.030	0.230	0.182	0.401	0.247	0.289	0.332	0.000	0.000	0.000	0.000	0.000	0.000	PIN domain	0.053
PF08000	+	0.000	0.000	0.000	0.146	0.000	0.000	0.000	0.000	0.000	0.000	0.000	0.000	0.000	Bacterial PH domain	0.053
PF09369	+	0.000	0.017	0.011	0.222	0.035	0.151	0.002	0.000	0.000	0.000	0.000	0.000	0.000	Domain of unknown function (DUF1998)	0.052
PF14390	+	0.000	0.190	0.000	0.367	0.109	0.228	0.295	0.000	0.000	0.000	0.000	0.000	0.000	Domain of unknown function (DUF4420)	0.051
PF03994	-	0.000	0.000	0.000	-0.161	0.000	0.000	-0.042	0.000	0.000	0.000	0.000	0.000	0.000	Domain of Unknown Function (DUF350)	0.043
PF05133	+	0.000	0.111	0.000	0.000	0.000	0.229	0.000	0.000	0.000	0.000	0.000	0.000	0.000	Phage portal protein, SPP1 Gp6-like	0.035
PF01740	-	0.000	0.000	0.000	-0.063	0.000	0.000	0.000	0.000	0.000	0.000	0.000	0.000	0.000	STAS domain	0.035
PF08818	+	0.000	0.027	0.000	0.000	0.000	0.000	0.000	0.000	0.000	0.000	0.000	0.000	0.000	Domain of unknown function (DU1801)	0.034
PF10076	-	0.000	-0.098	0.000	-0.186	0.000	-0.129	-0.197	0.000	0.000	0.000	0.000	0.000	0.000	Uncharacterized protein conserved in bacteria (DUF2313)	0.034
PF15644	+	0.000	0.000	0.000	0.079	0.000	0.000	0.127	0.000	0.000	0.000	0.000	0.000	0.000	Papain fold toxin 1	0.025
PF06736	+	0.000	0.000	0.000	0.195	0.000	0.065	0.000	0.000	0.000	0.000	0.000	0.000	0.000	Protein of unknown function (DUF1211)	0.023
PF03572	-	0.000	0.000	-0.020	0.000	-0.035	0.000	0.000	0.000	0.000	0.000	0.000	0.000	0.000	Peptidase family S41	0.018
PF01418	-	0.000	0.000	0.000	-0.071	0.000	0.000	0.000	0.000	0.000	0.000	0.000	0.000	0.000	Helix-turn-helix domain, rpiR family	0.013
PF08483	+	0.000	0.000	0.000	0.033	0.000	0.000	0.014	0.000	0.000	0.000	0.000	0.000	0.000	IstB-like ATP binding N-terminal	0.007
PF00908	-	0.000	0.000	0.000	-0.159	0.000	-0.082	-0.138	0.000	0.000	0.000	0.000	0.000	0.000	dTDP-4-dehydrorhamnose 3,5-epimerase	-0.001
PF09932	-	0.000	0.000	0.000	-0.035	0.000	0.000	0.000	0.000	0.000	0.000	0.000	0.000	0.000	Uncharacterized conserved protein (DUF2164)	-0.006
PF01555	-	0.000	-0.045	0.000	0.000	0.000	-0.139	-0.074	0.000	0.000	0.000	0.000	0.000	0.000	DNA methylase	-0.008
PF00735	+	0.000	0.000	0.000	0.319	0.000	0.000	0.320	0.000	0.000	0.000	0.000	0.000	0.000	Septin	-0.008
PF08544	-	0.000	0.000	0.000	-0.067	0.000	0.000	0.000	0.000	0.000	0.000	0.000	0.000	0.000	GHMP kinases C terminal	-0.023
PF05154	-	0.000	0.000	0.000	-0.060	0.000	0.000	0.000	0.000	0.000	0.000	0.000	0.000	0.000	TM2 domain	-0.023
PF01165	-	0.000	0.000	-0.020	0.000	-0.085	0.000	0.000	0.000	0.000	0.000	0.000	0.000	0.000	Ribosomal protein S21	-0.026
PF05857	-	0.000	0.000	0.000	-0.213	0.000	0.000	-0.114	0.000	0.000	0.000	0.000	0.000	0.000	TraX protein	-0.033
PF00037	-	0.000	0.000	0.000	-0.077	0.000	0.000	0.000	0.000	0.000	0.000	0.000	0.000	0.000	4Fe-4S binding domain	-0.034
PF12696	+	0.000	0.070	0.000	0.207	0.000	0.171	0.147	0.000	0.000	0.000	0.000	0.000	0.000	TraM recognition site of TraD and TraG	-0.043
PF01078	-	0.000	0.000	0.000	-0.005	0.000	0.000	0.000	0.000	0.000	0.000	0.000	0.000	0.000	Magnesium chelatase, subunit ChlI	-0.052
PF02534	+	0.000	0.009	0.000	0.000	0.000	0.000	0.000	0.000	0.000	0.000	0.000	0.000	0.000	Type IV secretory system Conjugative DNA transfer	-0.053
PF13274	+	0.000	0.186	0.019	0.000	0.082	0.241	0.000	0.000	0.000	0.000	0.000	0.000	0.000	Protein of unknown function (DUF4065)	-0.055
PF10979	-	0.000	0.000	0.000	-0.003	0.000	0.000	0.000	0.000	0.000	0.000	0.000	0.000	0.000	Protein of unknown function (DUF2786)	-0.057
PF01734	-	-0.005	0.000	-0.040	0.000	-0.050	0.000	0.000	0.000	0.000	0.000	0.000	0.000	0.000	Patatin-like phospholipase	-0.070
PF02082	-	0.000	0.000	-0.006	0.000	-0.051	0.000	0.000	0.000	0.000	0.000	0.000	0.000	0.000	Transcriptional regulator	-0.077
PF02504	-	0.000	-0.167	0.000	0.000	-0.043	0.000	0.000	0.000	0.000	0.000	0.000	0.000	0.000	Fatty acid synthesis protein	-0.084
PF13412	-	0.000	0.000	-0.020	0.000	-0.011	0.000	0.000	0.000	0.000	0.000	0.000	0.000	0.000	Winged helix-turn-helix DNA-binding	-0.086
PF10551	-	0.000	0.000	0.000	-0.007	0.000	0.000	0.000	0.000	0.000	0.000	0.000	0.000	0.000	MULE transposase domain	-0.108
PF14622	-	0.000	0.000	0.000	-0.373	0.000	0.000	-0.207	0.000	0.000	0.000	0.000	0.000	0.000	Ribonuclease-III-like	-0.109
PF05000	-	-0.213	0.000	-0.186	0.000	0.000	0.000	0.000	0.000	0.000	0.000	0.000	0.000	0.000	RNA polymerase Rpb1, domain 4	-0.116
PF06821	-	0.000	0.000	0.000	-0.050	0.000	-0.092	-0.042	0.000	0.000	0.000	0.000	0.000	0.000	Serine hydrolase	-0.117
PF01663	-	0.000	-0.129	0.000	0.000	-0.024	-0.157	-0.213	0.000	0.000	0.000	0.000	0.000	0.000	Type I phosphodiesterase / nucleotide pyrophosphatase	-0.124
PF02384	-	0.000	-0.015	0.000	0.000	0.000	0.000	0.000	0.000	0.000	0.000	0.000	0.000	0.000	N-6 DNA Methylase	-0.150
PF01632	-	0.000	-0.179	0.000	0.000	-0.043	-0.294	0.000	0.000	0.000	0.000	0.000	0.000	0.000	Ribosomal protein L35	-0.156
PF13289	-	0.000	0.000	0.000	-0.025	0.000	0.000	0.000	0.000	0.000	0.000	0.000	0.000	0.000	SIR2-like domain	-0.173
PF08874	-	0.000	0.000	0.000	-0.393	0.000	-0.033	-0.258	0.000	0.000	0.000	0.000	0.000	0.000	Domain of unknown function (DUF1835)	-0.178
PF10881	-	0.000	-0.070	0.000	0.000	0.000	-0.187	-0.195	0.000	0.000	0.000	0.000	0.000	0.000	Protein of unknown function (DUF2726)	-0.185
PF13421	-	0.000	0.000	0.000	-0.094	0.000	0.000	0.000	0.000	0.000	0.000	0.000	0.000	0.000	SPFH domain-Band 7 family	-0.194
PF13452	-	0.000	0.000	0.000	-0.002	0.000	0.000	0.000	0.000	0.000	0.000	0.000	0.000	0.000	N-terminal half of MaoC dehydratase	-0.195
PF13495	-	-0.015	-0.155	-0.057	-0.233	-0.119	-0.257	-0.236	0.000	0.000	0.000	0.000	0.000	0.000	Phage integrase, N-terminal SAM-like domain	-0.231
