	class	0.1_0	0.2_0	0.07_0	0.5_0	0.7_0	1_0	0.05_0	0.001_0	0.002_0	0.005_0	0.007_0	0.01_0	0.02_0	Pfam_desc	cor
PF03714	+	0.098	0.033	0.101	0.000	0.000	0.000	0.161	0.000	0.000	0.000	0.000	0.000	0.000	Bacterial pullanase-associated domain	0.586
PF10997	+	0.393	0.831	0.117	1.154	1.133	1.016	0.000	0.000	0.000	0.000	0.000	0.000	0.000	Protein of unknown function (DUF2837)	0.511
PF09323	+	0.369	0.401	0.381	0.380	0.409	0.429	0.261	0.000	0.000	0.000	0.000	0.000	0.000	Domain of unknown function (DUF1980)	0.493
PF00041	+	0.549	0.494	0.528	0.461	0.421	0.442	0.457	0.000	0.000	0.000	0.000	0.000	0.106	Fibronectin type III domain	0.465
PF14689	+	0.000	0.000	0.002	0.000	0.000	0.000	0.043	0.000	0.000	0.000	0.000	0.000	0.000	Sensor_kinase_SpoOB-type, alpha-helical domain	0.399
PF02225	+	0.234	0.176	0.255	0.156	0.158	0.055	0.245	0.000	0.000	0.000	0.000	0.000	0.058	PA domain	0.385
PF12464	+	0.043	0.020	0.051	0.000	0.000	0.079	0.038	0.000	0.000	0.000	0.000	0.000	0.000	Maltose acetyltransferase	0.383
PF07694	+	0.201	0.237	0.135	0.213	0.195	0.157	0.039	0.000	0.000	0.000	0.000	0.000	0.000	5TMR of 5TMR-LYT	0.366
PF01712	+	0.000	0.000	0.000	0.000	0.003	0.155	0.000	0.000	0.000	0.000	0.000	0.000	0.000	Deoxynucleoside kinase	0.349
PF06580	+	0.014	0.067	0.016	0.048	0.000	0.197	0.000	0.000	0.000	0.000	0.000	0.000	0.000	Histidine kinase	0.338
PF04854	+	0.057	0.064	0.040	0.091	0.084	0.019	0.000	0.000	0.000	0.000	0.000	0.000	0.000	Protein of unknown function, DUF624	0.334
PF02838	+	0.171	0.146	0.161	0.000	0.000	0.041	0.062	0.000	0.000	0.000	0.000	0.000	0.000	Glycosyl hydrolase family 20, domain 2	0.332
PF02449	+	0.054	0.103	0.066	0.160	0.171	0.000	0.064	0.000	0.000	0.000	0.000	0.000	0.000	Beta-galactosidase	0.331
PF08532	+	0.034	0.019	0.014	0.006	0.000	0.122	0.017	0.000	0.000	0.000	0.000	0.000	0.000	Beta-galactosidase trimerisation domain	0.320
PF05651	+	0.034	0.052	0.011	0.000	0.125	0.137	0.027	0.000	0.000	0.000	0.000	0.000	0.000	Putative sugar diacid recognition	0.319
PF14267	+	0.002	0.000	0.068	0.000	0.000	0.000	0.000	0.000	0.000	0.000	0.000	0.000	0.000	Domain of unknown function (DUF4357)	0.317
PF03496	+	0.097	0.129	0.065	0.107	0.095	0.149	0.000	0.000	0.000	0.000	0.000	0.000	0.000	ADP-ribosyltransferase exoenzyme	0.317
PF02065	+	0.000	0.032	0.000	0.000	0.000	0.000	0.000	0.000	0.000	0.000	0.000	0.000	0.000	Melibiase	0.314
PF02156	+	0.037	0.103	0.000	0.182	0.294	0.000	0.000	0.000	0.000	0.000	0.000	0.000	0.000	Glycosyl hydrolase family 26	0.313
PF01869	+	0.000	0.013	0.000	0.107	0.103	0.000	0.000	0.000	0.000	0.000	0.000	0.000	0.000	BadF/BadG/BcrA/BcrD ATPase family	0.310
PF07784	+	0.061	0.037	0.000	0.106	0.120	0.000	0.000	0.000	0.000	0.000	0.000	0.000	0.000	Protein of unknown function (DUF1622)	0.309
PF13906	+	0.000	0.000	0.000	0.017	0.061	0.000	0.000	0.000	0.000	0.000	0.000	0.000	0.000	C-terminus of AA_permease	0.301
PF08378	+	0.034	0.054	0.038	0.022	0.018	0.000	0.004	0.000	0.000	0.000	0.000	0.000	0.000	Nuclease-related domain	0.298
PF06182	+	0.000	0.000	0.000	0.000	0.024	0.076	0.000	0.000	0.000	0.000	0.000	0.000	0.000	ABC-2 family transporter protein	0.284
PF02744	+	0.009	0.000	0.000	0.000	0.000	0.000	0.000	0.000	0.000	0.000	0.000	0.000	0.000	Galactose-1-phosphate uridyl transferase, C-terminal domain	0.283
PF07555	+	0.142	0.259	0.008	0.346	0.351	0.000	0.000	0.000	0.000	0.000	0.000	0.000	0.000	beta-N-acetylglucosaminidase	0.277
PF13592	+	0.000	0.000	0.000	0.000	0.064	0.000	0.000	0.000	0.000	0.000	0.000	0.000	0.000	Winged helix-turn helix	0.270
PF13156	+	0.000	0.000	0.000	0.044	0.052	0.000	0.000	0.000	0.000	0.000	0.000	0.000	0.000	Restriction endonuclease	0.270
PF08020	+	0.000	0.000	0.000	0.038	0.000	0.000	0.000	0.000	0.000	0.000	0.000	0.000	0.000	Protein of unknown function (DUF1706)	0.234
PF14355	+	0.000	0.037	0.000	0.000	0.000	0.000	0.000	0.000	0.000	0.000	0.000	0.000	0.000	Abortive infection C-terminus	0.232
PF01865	+	0.000	0.000	0.000	0.033	0.000	0.013	0.000	0.000	0.000	0.000	0.000	0.000	0.000	Protein of unknown function DUF47	0.232
PF00909	+	0.026	0.188	0.000	0.312	0.363	0.275	0.000	0.000	0.000	0.000	0.000	0.000	0.000	Ammonium Transporter Family	0.220
PF04266	+	0.098	0.143	0.056	0.122	0.192	0.096	0.053	0.000	0.000	0.000	0.000	0.000	0.000	ASCH domain	0.220
PF06202	+	0.000	0.006	0.000	0.140	0.116	0.000	0.000	0.000	0.000	0.000	0.000	0.000	0.000	Amylo-alpha-1,6-glucosidase	0.218
PF07905	+	0.000	0.000	0.007	0.049	0.001	0.000	0.000	0.000	0.000	0.000	0.000	0.000	0.000	Purine catabolism regulatory protein-like family	0.215
PF02229	+	0.180	0.246	0.051	0.198	0.140	0.093	0.000	0.000	0.000	0.000	0.000	0.000	0.000	Transcriptional Coactivator p15 (PC4)	0.208
PF07971	+	0.000	0.000	0.000	0.000	0.030	0.000	0.000	0.000	0.000	0.000	0.000	0.000	0.000	Glycosyl hydrolase family 92	0.208
PF01590	+	0.013	0.059	0.000	0.129	0.115	0.000	0.000	0.000	0.000	0.000	0.000	0.000	0.000	GAF domain	0.207
PF05598	+	0.005	0.016	0.000	0.001	0.000	0.027	0.000	0.000	0.000	0.000	0.000	0.000	0.000	Transposase domain (DUF772)	0.205
PF05709	+	0.000	0.000	0.000	0.000	0.051	0.000	0.000	0.000	0.000	0.000	0.000	0.000	0.000	Phage tail protein	0.202
PF14200	+	0.000	0.000	0.000	0.000	0.025	0.077	0.000	0.000	0.000	0.000	0.000	0.000	0.000	Ricin-type beta-trefoil lectin domain-like	0.190
PF06439	+	0.000	0.000	0.000	0.000	0.016	0.000	0.000	0.000	0.000	0.000	0.000	0.000	0.000	Domain of Unknown Function (DUF1080)	0.175
PF00962	+	0.231	0.363	0.167	0.416	0.395	0.394	0.066	0.000	0.000	0.000	0.000	0.000	0.000	Adenosine/AMP deaminase	0.159
PF07994	+	0.273	0.353	0.019	0.399	0.459	0.443	0.000	0.000	0.000	0.000	0.000	0.000	0.000	Myo-inositol-1-phosphate synthase	0.158
PF01658	+	0.000	0.211	0.011	0.574	0.637	0.625	0.000	0.000	0.000	0.000	0.000	0.000	0.000	Myo-inositol-1-phosphate synthase	0.158
PF04465	+	0.000	0.000	0.000	0.001	0.000	0.614	0.000	0.000	0.000	0.000	0.000	0.000	0.000	Protein of unknown function (DUF499)	0.150
PF11716	-	0.000	0.000	0.000	-0.084	-0.155	0.000	0.000	0.000	0.000	0.000	0.000	0.000	0.000	Mycothiol maleylpyruvate isomerase N-terminal domain	0.150
PF04993	+	0.000	0.058	0.000	0.127	0.125	0.010	0.000	0.000	0.000	0.000	0.000	0.000	0.000	TfoX N-terminal domain	0.124
PF01169	+	0.161	0.178	0.108	0.000	0.000	0.000	0.052	0.000	0.000	0.000	0.000	0.000	0.000	Uncharacterized protein family UPF0016	0.123
PF02674	+	0.000	0.000	0.000	0.049	0.009	0.137	0.000	0.000	0.000	0.000	0.000	0.000	0.000	Colicin V production protein	0.122
PF08308	+	0.000	0.000	0.000	0.064	0.081	0.000	0.000	0.000	0.000	0.000	0.000	0.000	0.000	PEGA domain	0.120
PF09848	+	0.000	0.005	0.000	0.071	0.046	0.000	0.000	0.000	0.000	0.000	0.000	0.000	0.000	Uncharacterized conserved protein (DUF2075)	0.112
PF10029	+	0.000	0.000	0.000	0.000	0.082	0.000	0.000	0.000	0.000	0.000	0.000	0.000	0.000	Predicted periplasmic protein (DUF2271)	0.105
PF09563	+	0.000	0.000	0.000	0.192	0.271	0.374	0.000	0.000	0.000	0.000	0.000	0.000	0.000	LlaJI restriction endonuclease	0.097
PF03704	+	0.000	0.055	0.000	0.136	0.140	0.248	0.000	0.000	0.000	0.000	0.000	0.000	0.000	Bacterial transcriptional activator domain	0.081
PF02666	+	0.000	0.012	0.000	0.040	0.044	0.182	0.000	0.000	0.000	0.000	0.000	0.000	0.000	Phosphatidylserine decarboxylase	0.077
PF07751	+	0.000	0.061	0.000	0.000	0.000	0.000	0.000	0.000	0.000	0.000	0.000	0.000	0.000	Abi-like protein	0.061
PF12687	+	0.000	0.000	0.000	0.129	0.192	0.294	0.000	0.000	0.000	0.000	0.000	0.000	0.000	Protein of unknown function (DUF3801)	0.059
PF02036	+	0.000	0.000	0.000	0.000	0.009	0.000	0.000	0.000	0.000	0.000	0.000	0.000	0.000	SCP-2 sterol transfer family	0.031
PF02391	-	0.000	0.000	0.000	-0.008	-0.034	-0.074	0.000	0.000	0.000	0.000	0.000	0.000	0.000	MoaE protein	0.030
PF00403	+	0.000	0.000	0.000	0.189	0.331	0.231	0.000	0.000	0.000	0.000	0.000	0.000	0.000	Heavy-metal-associated domain	0.029
PF05954	+	0.000	0.000	0.000	0.270	0.285	0.424	0.000	0.000	0.000	0.000	0.000	0.000	0.000	Phage late control gene D protein (GPD)	0.010
PF13414	+	0.000	0.050	0.000	0.113	0.113	0.000	0.000	0.000	0.000	0.000	0.000	0.000	0.000	TPR repeat	0.009
PF01729	-	0.000	0.000	0.000	-0.027	-0.088	0.000	0.000	0.000	0.000	0.000	0.000	0.000	0.000	Quinolinate phosphoribosyl transferase, C-terminal domain	-0.004
PF00302	-	0.000	-0.009	0.000	0.000	-0.011	0.000	0.000	0.000	0.000	0.000	0.000	0.000	0.000	Chloramphenicol acetyltransferase	-0.007
PF00872	-	0.000	-0.039	0.000	-0.033	0.000	0.000	0.000	0.000	0.000	0.000	0.000	0.000	0.000	Transposase, Mutator family	-0.016
PF01243	-	0.000	0.000	0.000	-0.003	-0.091	0.000	0.000	0.000	0.000	0.000	0.000	0.000	0.000	Pyridoxamine 5'-phosphate oxidase	-0.019
PF02583	-	0.000	-0.039	0.000	-0.098	-0.109	-0.154	0.000	0.000	0.000	0.000	0.000	0.000	0.000	Metal-sensitive transcriptional repressor	-0.020
PF12708	-	0.000	0.000	0.000	-0.027	-0.075	-0.076	0.000	0.000	0.000	0.000	0.000	0.000	0.000	Pectate lyase superfamily protein	-0.033
PF08774	+	0.000	0.000	0.000	0.018	0.000	0.000	0.000	0.000	0.000	0.000	0.000	0.000	0.000	VRR-NUC domain	-0.034
PF13672	-	-0.054	-0.047	0.000	0.000	-0.061	0.000	0.000	0.000	0.000	0.000	0.000	0.000	0.000	Protein phosphatase 2C	-0.036
PF08343	-	0.000	0.000	0.000	0.000	-0.058	0.000	0.000	0.000	0.000	0.000	0.000	0.000	0.000	Ribonucleotide reductase N-terminal	-0.036
PF03881	-	0.000	-0.030	0.000	-0.054	-0.086	-0.084	0.000	0.000	0.000	0.000	0.000	0.000	0.000	Fructosamine kinase	-0.041
PF03734	-	0.000	0.000	0.000	-0.052	-0.009	0.000	0.000	0.000	0.000	0.000	0.000	0.000	0.000	L,D-transpeptidase catalytic domain	-0.048
PF04221	-	0.000	0.000	0.000	0.000	-0.017	0.000	0.000	0.000	0.000	0.000	0.000	0.000	0.000	RelB antitoxin	-0.050
PF01471	-	0.000	-0.021	0.000	-0.028	0.000	0.000	0.000	0.000	0.000	0.000	0.000	0.000	0.000	Putative peptidoglycan binding domain	-0.056
PF01262	-	-0.105	-0.180	0.000	-0.053	-0.025	-0.158	0.000	0.000	0.000	0.000	0.000	0.000	0.000	Alanine dehydrogenase/PNT, C-terminal domain	-0.081
PF01040	-	0.000	0.000	0.000	0.000	-0.026	0.000	0.000	0.000	0.000	0.000	0.000	0.000	0.000	UbiA prenyltransferase family	-0.082
PF12897	-	-0.002	-0.054	0.000	-0.087	-0.042	0.000	0.000	0.000	0.000	0.000	0.000	0.000	0.000	Alanine-glyoxylate amino-transferase	-0.085
PF05861	-	0.000	0.000	0.000	0.000	-0.002	0.000	0.000	0.000	0.000	0.000	0.000	0.000	0.000	Bacterial phosphonate metabolism protein (PhnI)	-0.090
PF10551	-	0.000	0.000	0.000	0.000	-0.024	-0.008	0.000	0.000	0.000	0.000	0.000	0.000	0.000	MULE transposase domain	-0.090
PF03389	-	0.000	0.000	0.000	-0.003	-0.019	0.000	0.000	0.000	0.000	0.000	0.000	0.000	0.000	MobA/MobL family	-0.093
PF01614	-	0.000	0.000	0.000	-0.014	0.000	0.000	0.000	0.000	0.000	0.000	0.000	0.000	0.000	Bacterial transcriptional regulator	-0.100
PF13524	-	0.000	0.000	0.000	-0.172	-0.197	0.000	0.000	0.000	0.000	0.000	0.000	0.000	0.000	Glycosyl transferases group 1	-0.103
PF05076	-	0.000	-0.016	0.000	-0.100	-0.091	-0.110	0.000	0.000	0.000	0.000	0.000	0.000	0.000	Suppressor of fused protein (SUFU)	-0.107
PF06559	-	0.000	0.000	0.000	-0.061	-0.045	0.000	0.000	0.000	0.000	0.000	0.000	0.000	0.000	2'-deoxycytidine 5'-triphosphate deaminase (DCD)	-0.111
PF06039	-	0.000	-0.014	0.000	-0.038	-0.045	0.000	0.000	0.000	0.000	0.000	0.000	0.000	0.000	Malate:quinone oxidoreductase (Mqo)	-0.120
PF02659	-	0.000	0.000	0.000	-0.068	0.000	-0.223	0.000	0.000	0.000	0.000	0.000	0.000	0.000	Domain of unknown function DUF	-0.125
PF09339	-	0.000	-0.014	0.000	0.000	0.000	0.000	0.000	0.000	0.000	0.000	0.000	0.000	0.000	IclR helix-turn-helix domain	-0.128
PF01774	-	0.000	-0.067	0.000	-0.291	-0.258	0.000	0.000	0.000	0.000	0.000	0.000	0.000	0.000	UreD urease accessory protein	-0.129
PF13340	-	0.000	0.000	0.000	-0.017	0.000	-0.120	0.000	0.000	0.000	0.000	0.000	0.000	0.000	Putative transposase of IS4/5 family (DUF4096)	-0.139
PF13454	-	0.000	-0.017	0.000	-0.022	-0.045	-0.003	0.000	0.000	0.000	0.000	0.000	0.000	0.000	FAD-NAD(P)-binding	-0.153
PF10417	-	0.000	0.000	0.000	-0.039	-0.065	-0.126	0.000	0.000	0.000	0.000	0.000	0.000	0.000	C-terminal domain of 1-Cys peroxiredoxin	-0.153
PF13362	-	-0.008	-0.016	0.000	-0.038	-0.028	0.000	0.000	0.000	0.000	0.000	0.000	0.000	0.000	Toprim domain	-0.153
PF13586	-	0.000	-0.034	0.000	-0.082	-0.092	-0.010	0.000	0.000	0.000	0.000	0.000	0.000	0.000	Transposase DDE domain	-0.153
PF09924	-	0.000	0.000	0.000	-0.085	-0.073	-0.012	0.000	0.000	0.000	0.000	0.000	0.000	0.000	Uncharacterized conserved protein (DUF2156)	-0.157
PF01613	-	-0.205	-0.305	-0.140	-0.415	-0.398	-0.428	-0.002	0.000	0.000	0.000	0.000	0.000	0.000	Flavin reductase like domain	-0.163
PF13591	-	0.000	-0.020	0.000	-0.119	-0.141	-0.144	0.000	0.000	0.000	0.000	0.000	0.000	0.000	MerR HTH family regulatory protein	-0.192
PF00202	-	0.000	-0.031	0.000	-0.040	0.000	-0.117	0.000	0.000	0.000	0.000	0.000	0.000	0.000	Aminotransferase class-III	-0.224
PF05437	-	0.000	-0.119	0.000	-0.192	-0.240	-0.300	0.000	0.000	0.000	0.000	0.000	0.000	0.000	Branched-chain amino acid transport protein (AzlD)	-0.247
PF01988	-	0.000	-0.049	0.000	-0.119	-0.110	-0.226	0.000	0.000	0.000	0.000	0.000	0.000	0.000	VIT family	-0.270
PF12738	-	-0.052	-0.187	0.000	-0.257	-0.309	-0.326	0.000	0.000	0.000	0.000	0.000	0.000	0.000	twin BRCT domain	-0.276
PF02541	-	-0.049	0.000	-0.041	0.000	0.000	0.000	0.000	0.000	0.000	0.000	0.000	0.000	0.000	Ppx/GppA phosphatase family	-0.431
