	class	0.5_0	0.2_0	1_0	0.7_0	0.1_0	0.07_0	0.05_0	0.02_0	0.005_0	0.01_0	0.007_0	0.001_0	0.002_0	Pfam_desc	cor
PF02030	+	0.102	0.017	0.094	0.075	0.054	0.082	0.097	0.081	0.000	0.000	0.000	0.000	0.000	Hypothetical lipoprotein (MG045 family)	0.587
PF00874	+	0.000	0.070	0.022	0.008	0.048	0.019	0.038	0.175	0.000	0.099	0.016	0.000	0.000	PRD domain	0.556
PF02976	+	0.240	0.230	0.110	0.229	0.181	0.136	0.096	0.000	0.000	0.000	0.000	0.000	0.000	DNA mismatch repair enzyme MutH	0.499
PF10263	+	0.002	0.000	0.069	0.072	0.000	0.000	0.000	0.003	0.000	0.000	0.000	0.000	0.000	SprT-like family	0.495
PF01238	+	0.035	0.074	0.016	0.000	0.068	0.081	0.107	0.116	0.063	0.123	0.101	0.000	0.000	Phosphomannose isomerase type I	0.493
PF00367	+	0.000	0.011	0.000	0.000	0.000	0.000	0.000	0.000	0.000	0.000	0.000	0.000	0.000	phosphotransferase system, EIIB	0.482
PF03123	+	0.293	0.221	0.293	0.324	0.220	0.201	0.136	0.000	0.000	0.000	0.000	0.000	0.000	CAT RNA binding domain	0.482
PF02901	+	0.039	0.000	0.072	0.067	0.000	0.000	0.000	0.000	0.000	0.000	0.000	0.000	0.000	Pyruvate formate lyase	0.478
PF00358	+	0.000	0.017	0.000	0.000	0.002	0.000	0.000	0.037	0.002	0.050	0.042	0.000	0.000	phosphoenolpyruvate-dependent sugar phosphotransferase system, EIIA 1	0.478
PF01228	+	0.292	0.292	0.335	0.280	0.263	0.235	0.225	0.240	0.000	0.166	0.082	0.000	0.000	Glycine radical	0.476
PF04131	+	0.045	0.000	0.100	0.077	0.000	0.000	0.000	0.000	0.000	0.000	0.000	0.000	0.000	Putative N-acetylmannosamine-6-phosphate epimerase	0.463
PF00365	+	0.000	0.000	0.000	0.000	0.004	0.034	0.061	0.113	0.073	0.114	0.086	0.000	0.000	Phosphofructokinase	0.455
PF07694	+	0.043	0.017	0.280	0.198	0.000	0.000	0.000	0.000	0.000	0.000	0.000	0.000	0.000	5TMR of 5TMR-LYT	0.453
PF07972	+	0.384	0.394	0.402	0.412	0.315	0.224	0.156	0.135	0.000	0.040	0.000	0.000	0.000	NrdI Flavodoxin like	0.443
PF04245	+	0.000	0.058	0.144	0.157	0.000	0.000	0.000	0.000	0.000	0.000	0.000	0.000	0.000	37-kD nucleoid-associated bacterial protein	0.426
PF01791	+	0.000	0.000	0.000	0.000	0.001	0.033	0.075	0.107	0.000	0.012	0.000	0.000	0.000	DeoC/LacD family aldolase	0.424
PF03610	+	0.000	0.000	0.000	0.000	0.020	0.031	0.008	0.000	0.000	0.000	0.000	0.000	0.000	PTS system fructose IIA component	0.422
PF02664	+	0.000	0.000	0.000	0.000	0.078	0.104	0.111	0.098	0.000	0.004	0.000	0.000	0.000	S-Ribosylhomocysteinase (LuxS)	0.416
PF07085	+	0.088	0.037	0.075	0.028	0.022	0.000	0.000	0.000	0.000	0.000	0.000	0.000	0.000	DRTGG domain	0.416
PF03672	+	0.800	0.717	0.957	0.794	0.463	0.319	0.249	0.000	0.000	0.000	0.000	0.000	0.000	Uncharacterised protein family (UPF0154)	0.411
PF01633	+	0.000	0.000	0.000	0.000	0.021	0.031	0.023	0.000	0.000	0.000	0.000	0.000	0.000	Choline/ethanolamine kinase	0.409
PF04167	+	0.437	0.327	0.458	0.472	0.273	0.205	0.166	0.000	0.000	0.000	0.000	0.000	0.000	Protein of unknown function (DUF402)	0.407
PF14635	+	0.000	0.000	0.000	0.000	0.009	0.011	0.005	0.000	0.000	0.000	0.000	0.000	0.000	Helix-hairpin-helix motif	0.397
PF03605	+	0.182	0.197	0.141	0.152	0.193	0.156	0.154	0.014	0.000	0.000	0.000	0.000	0.000	Anaerobic c4-dicarboxylate membrane transporter	0.397
PF03831	+	0.000	0.000	0.096	0.000	0.000	0.000	0.000	0.000	0.000	0.000	0.000	0.000	0.000	PhnA protein	0.388
PF02903	+	0.082	0.131	0.000	0.112	0.093	0.064	0.030	0.000	0.000	0.000	0.000	0.000	0.000	Alpha amylase, N-terminal ig-like domain	0.372
PF01154	+	0.264	0.233	0.385	0.277	0.131	0.098	0.061	0.000	0.000	0.000	0.000	0.000	0.000	Hydroxymethylglutaryl-coenzyme A synthase N terminal	0.369
PF01184	+	0.000	0.000	0.000	0.000	0.013	0.051	0.048	0.000	0.000	0.000	0.000	0.000	0.000	GPR1/FUN34/yaaH family	0.365
PF06426	+	0.137	0.177	0.000	0.056	0.139	0.147	0.151	0.000	0.000	0.000	0.000	0.000	0.000	Serine acetyltransferase, N-terminal	0.350
PF07437	+	0.293	0.134	0.346	0.199	0.000	0.000	0.000	0.000	0.000	0.000	0.000	0.000	0.000	YfaZ precursor	0.340
PF04393	+	0.150	0.099	0.144	0.164	0.099	0.082	0.029	0.000	0.000	0.000	0.000	0.000	0.000	Protein of unknown function (DUF535)	0.332
PF03502	+	0.000	0.000	0.000	0.000	0.066	0.076	0.000	0.000	0.000	0.000	0.000	0.000	0.000	Nucleoside-specific channel-forming protein, Tsx	0.325
PF12911	+	0.127	0.019	0.122	0.105	0.000	0.000	0.000	0.000	0.000	0.000	0.000	0.000	0.000	N-terminal TM domain of oligopeptide transport permease C	0.318
PF04320	+	0.252	0.094	0.305	0.246	0.035	0.000	0.000	0.000	0.000	0.000	0.000	0.000	0.000	Protein with unknown function (DUF469)	0.316
PF04237	+	0.076	0.000	0.059	0.098	0.000	0.000	0.000	0.000	0.000	0.000	0.000	0.000	0.000	YjbR	0.308
PF04405	+	0.032	0.000	0.000	0.000	0.000	0.000	0.000	0.000	0.000	0.000	0.000	0.000	0.000	Domain of Unknown function (DUF542)	0.304
PF03799	+	0.052	0.000	0.053	0.088	0.000	0.000	0.000	0.000	0.000	0.000	0.000	0.000	0.000	Cell division protein FtsQ	0.304
PF02624	+	0.108	0.025	0.122	0.138	0.000	0.000	0.000	0.000	0.000	0.000	0.000	0.000	0.000	YcaO-like family	0.302
PF08352	+	0.064	0.109	0.174	0.048	0.104	0.104	0.047	0.000	0.000	0.000	0.000	0.000	0.000	Oligopeptide/dipeptide transporter, C-terminal region	0.302
PF13038	+	0.178	0.035	0.155	0.184	0.000	0.000	0.000	0.000	0.000	0.000	0.000	0.000	0.000	Domain of unknown function (DUF3899)	0.293
PF12481	+	0.119	0.036	0.243	0.000	0.000	0.000	0.000	0.000	0.000	0.000	0.000	0.000	0.000	Aluminium induced protein	0.284
PF13344	-	-0.056	-0.016	0.000	0.000	0.000	0.000	0.000	0.000	0.000	0.000	0.000	0.000	0.000	Haloacid dehalogenase-like hydrolase	0.263
PF15432	+	0.413	0.043	0.778	0.555	0.000	0.000	0.000	0.000	0.000	0.000	0.000	0.000	0.000	Accessory Sec secretory system ASP3	0.262
PF01095	+	0.000	0.012	0.018	0.000	0.000	0.000	0.000	0.000	0.000	0.000	0.000	0.000	0.000	Pectinesterase	0.253
PF13273	+	0.261	0.096	0.388	0.274	0.000	0.000	0.000	0.000	0.000	0.000	0.000	0.000	0.000	Protein of unknown function (DUF4064)	0.247
PF07759	+	0.111	0.000	0.000	0.026	0.007	0.000	0.000	0.000	0.000	0.000	0.000	0.000	0.000	Protein of unknown function (DUF1615)	0.245
PF01712	+	0.174	0.121	0.097	0.113	0.160	0.131	0.061	0.000	0.000	0.000	0.000	0.000	0.000	Deoxynucleoside kinase	0.239
PF01676	+	0.074	0.071	0.077	0.109	0.029	0.000	0.000	0.000	0.000	0.000	0.000	0.000	0.000	Metalloenzyme superfamily	0.231
PF14256	+	0.275	0.260	0.177	0.280	0.192	0.150	0.068	0.000	0.000	0.000	0.000	0.000	0.000	YwiC-like protein	0.216
PF04958	+	0.000	0.191	0.211	0.111	0.151	0.058	0.000	0.000	0.000	0.000	0.000	0.000	0.000	Arginine N-succinyltransferase beta subunit	0.207
PF07252	+	0.047	0.000	0.000	0.000	0.000	0.000	0.000	0.000	0.000	0.000	0.000	0.000	0.000	Protein of unknown function (DUF1433)	0.205
PF07274	-	0.000	0.000	-0.038	0.000	0.000	0.000	0.000	0.000	0.000	0.000	0.000	0.000	0.000	Protein of unknown function (DUF1440)	0.197
PF01268	+	0.322	0.289	0.283	0.304	0.214	0.144	0.071	0.000	0.000	0.000	0.000	0.000	0.000	Formate--tetrahydrofolate ligase	0.191
PF11070	+	0.075	0.046	0.000	0.036	0.000	0.000	0.000	0.000	0.000	0.000	0.000	0.000	0.000	Protein of unknown function (DUF2871)	0.185
PF03486	+	0.062	0.049	0.103	0.129	0.000	0.000	0.000	0.000	0.000	0.000	0.000	0.000	0.000	HI0933-like protein	0.180
PF14319	+	0.134	0.000	0.162	0.112	0.000	0.000	0.000	0.000	0.000	0.000	0.000	0.000	0.000	Transposase zinc-binding domain	0.180
PF04986	+	0.214	0.322	0.203	0.232	0.136	0.000	0.000	0.000	0.000	0.000	0.000	0.000	0.000	Putative transposase	0.180
PF13726	+	0.295	0.194	0.315	0.292	0.090	0.070	0.074	0.000	0.000	0.000	0.000	0.000	0.000	Na+-H+ antiporter family	0.169
PF11042	+	0.044	0.050	0.000	0.034	0.009	0.000	0.000	0.000	0.000	0.000	0.000	0.000	0.000	Protein of unknown function (DUF2750)	0.165
PF02613	+	0.000	0.000	0.000	0.000	0.051	0.034	0.000	0.000	0.000	0.000	0.000	0.000	0.000	Nitrate reductase delta subunit	0.162
PF12571	+	0.080	0.000	0.005	0.000	0.000	0.000	0.000	0.000	0.000	0.000	0.000	0.000	0.000	Phage tail-collar fibre protein	0.161
PF00781	+	0.000	0.000	0.020	0.000	0.000	0.000	0.000	0.000	0.000	0.000	0.000	0.000	0.000	Diacylglycerol kinase catalytic domain	0.160
PF02922	+	0.068	0.072	0.000	0.110	0.033	0.003	0.000	0.000	0.000	0.000	0.000	0.000	0.000	Carbohydrate-binding module 48 (Isoamylase N-terminal domain)	0.157
PF13185	-	0.000	0.000	0.000	-0.039	0.000	0.000	0.000	0.000	0.000	0.000	0.000	0.000	0.000	GAF domain	0.156
PF14490	-	0.000	-0.013	0.000	0.000	0.000	0.000	0.000	0.000	0.000	0.000	0.000	0.000	0.000	Helix-hairpin-helix containing domain	0.154
PF13349	-	0.000	0.000	-0.169	0.000	0.000	0.000	0.000	0.000	0.000	0.000	0.000	0.000	0.000	Domain of unknown function (DUF4097)	0.153
PF03264	+	0.016	0.000	0.038	0.046	0.000	0.000	0.000	0.000	0.000	0.000	0.000	0.000	0.000	NapC/NirT cytochrome c family, N-terminal region	0.150
PF13558	-	0.000	0.000	-0.004	0.000	0.000	0.000	0.000	0.000	0.000	0.000	0.000	0.000	0.000	Putative exonuclease SbcCD, C subunit	0.149
PF12008	+	0.000	0.011	0.000	0.000	0.000	0.000	0.000	0.000	0.000	0.000	0.000	0.000	0.000	Type I restriction and modification enzyme - subunit R C terminal	0.147
PF02595	-	0.000	-0.042	0.000	0.000	-0.040	0.000	0.000	0.000	0.000	0.000	0.000	0.000	0.000	Glycerate kinase family	0.145
PF04962	+	0.126	0.000	0.119	0.088	0.000	0.000	0.000	0.000	0.000	0.000	0.000	0.000	0.000	KduI/IolB family	0.142
PF04186	-	0.000	0.000	-0.152	-0.053	0.000	0.000	0.000	0.000	0.000	0.000	0.000	0.000	0.000	FxsA cytoplasmic membrane protein	0.142
PF08003	-	0.000	0.000	-0.021	0.000	0.000	0.000	0.000	0.000	0.000	0.000	0.000	0.000	0.000	Protein of unknown function (DUF1698)	0.140
PF02335	+	0.010	0.000	0.000	0.007	0.000	0.000	0.000	0.000	0.000	0.000	0.000	0.000	0.000	Cytochrome c552	0.139
PF13434	-	0.000	-0.098	0.000	0.000	-0.015	0.000	0.000	0.000	0.000	0.000	0.000	0.000	0.000	L-lysine 6-monooxygenase (NADPH-requiring)	0.137
PF09318	-	0.000	0.000	-0.082	-0.076	0.000	0.000	0.000	0.000	0.000	0.000	0.000	0.000	0.000	Domain of unknown function (DUF1975)	0.136
PF13520	+	0.000	0.000	0.000	0.000	0.005	0.003	0.000	0.000	0.000	0.000	0.000	0.000	0.000	Amino acid permease	0.132
PF03379	+	0.000	0.000	0.000	0.000	0.005	0.000	0.000	0.000	0.000	0.000	0.000	0.000	0.000	CcmB protein	0.124
PF14542	+	0.000	0.095	0.000	0.066	0.057	0.022	0.000	0.000	0.000	0.000	0.000	0.000	0.000	GCN5-related N-acetyl-transferase	0.114
PF07476	-	-0.139	0.000	0.000	-0.138	0.000	0.000	0.000	0.000	0.000	0.000	0.000	0.000	0.000	Methylaspartate ammonia-lyase C-terminus	0.110
PF13367	-	-0.083	-0.008	-0.115	0.000	0.000	0.000	0.000	0.000	0.000	0.000	0.000	0.000	0.000	Protease prsW family	0.110
PF01289	+	0.267	0.198	0.313	0.243	0.153	0.078	0.000	0.000	0.000	0.000	0.000	0.000	0.000	Thiol-activated cytolysin	0.108
PF05728	+	0.286	0.166	0.331	0.318	0.052	0.000	0.000	0.000	0.000	0.000	0.000	0.000	0.000	Uncharacterised protein family (UPF0227)	0.106
PF02806	+	0.000	0.000	0.122	0.000	0.000	0.000	0.000	0.000	0.000	0.000	0.000	0.000	0.000	Alpha amylase, C-terminal all-beta domain	0.102
PF04204	-	0.000	-0.031	0.000	-0.055	0.000	0.000	0.000	0.000	0.000	0.000	0.000	0.000	0.000	Homoserine O-succinyltransferase	0.102
PF01443	-	0.000	0.000	0.000	-0.018	0.000	0.000	0.000	0.000	0.000	0.000	0.000	0.000	0.000	Viral (Superfamily 1) RNA helicase	0.101
PF13276	-	0.000	-0.005	0.000	0.000	0.000	0.000	0.000	0.000	0.000	0.000	0.000	0.000	0.000	HTH-like domain	0.099
PF02748	+	0.000	0.000	0.000	0.099	0.000	0.000	0.000	0.000	0.000	0.000	0.000	0.000	0.000	Aspartate carbamoyltransferase regulatory chain, metal binding domain	0.090
PF01270	-	-0.140	-0.175	-0.182	-0.111	-0.174	-0.109	0.000	0.000	0.000	0.000	0.000	0.000	0.000	Glycosyl hydrolases family 8	0.090
PF06149	-	-0.015	0.000	-0.148	-0.046	0.000	0.000	0.000	0.000	0.000	0.000	0.000	0.000	0.000	Protein of unknown function (DUF969)	0.090
PF09179	+	0.000	0.000	0.142	0.000	0.000	0.000	0.000	0.000	0.000	0.000	0.000	0.000	0.000	TilS substrate binding domain	0.090
PF01011	-	-0.086	0.000	-0.067	-0.073	0.000	0.000	0.000	0.000	0.000	0.000	0.000	0.000	0.000	PQQ enzyme repeat	0.088
PF12890	-	0.000	0.000	-0.161	0.000	0.000	0.000	0.000	0.000	0.000	0.000	0.000	0.000	0.000	Dihydro-orotase-like	0.087
PF02690	-	0.000	0.000	-0.029	-0.054	0.000	0.000	0.000	0.000	0.000	0.000	0.000	0.000	0.000	Na+/Pi-cotransporter	0.086
PF00248	-	0.000	0.000	-0.071	-0.035	0.000	0.000	0.000	0.000	0.000	0.000	0.000	0.000	0.000	Aldo/keto reductase family	0.082
PF05991	-	-0.028	0.000	-0.144	0.000	0.000	0.000	0.000	0.000	0.000	0.000	0.000	0.000	0.000	YacP-like NYN domain	0.079
PF05065	-	-0.191	-0.117	-0.169	-0.180	-0.101	-0.061	-0.002	0.000	0.000	0.000	0.000	0.000	0.000	Phage capsid family	0.079
PF05534	+	0.000	0.003	0.000	0.000	0.000	0.000	0.000	0.000	0.000	0.000	0.000	0.000	0.000	HicB family	0.079
PF14133	+	0.377	0.277	0.405	0.405	0.152	0.029	0.000	0.000	0.000	0.000	0.000	0.000	0.000	Domain of unknown function (DUF4300)	0.076
PF13596	-	-0.019	0.000	0.000	0.000	0.000	0.000	0.000	0.000	0.000	0.000	0.000	0.000	0.000	PAS domain	0.075
PF04213	+	0.302	0.160	0.470	0.360	0.012	0.000	0.000	0.000	0.000	0.000	0.000	0.000	0.000	Htaa	0.075
PF10662	+	0.008	0.000	0.000	0.015	0.000	0.000	0.000	0.000	0.000	0.000	0.000	0.000	0.000	Ethanolamine utilisation - propanediol utilisation	0.063
PF01420	+	0.000	0.002	0.000	0.000	0.036	0.003	0.000	0.000	0.000	0.000	0.000	0.000	0.000	Type I restriction modification DNA specificity domain	0.061
PF04404	-	-0.124	-0.046	0.000	-0.039	0.000	0.000	0.000	0.000	0.000	0.000	0.000	0.000	0.000	ERF superfamily	0.057
PF02086	-	0.000	0.000	-0.048	0.000	0.000	0.000	0.000	0.000	0.000	0.000	0.000	0.000	0.000	D12 class N6 adenine-specific DNA methyltransferase	0.056
PF12197	+	0.000	0.000	0.000	0.098	0.000	0.000	0.000	0.000	0.000	0.000	0.000	0.000	0.000	Bacillus cereus group antimicrobial protein	0.056
PF13730	-	-0.113	-0.032	-0.055	-0.149	-0.025	-0.003	0.000	0.000	0.000	0.000	0.000	0.000	0.000	Helix-turn-helix domain	0.052
PF14306	-	-0.069	0.000	0.000	-0.119	0.000	0.000	0.000	0.000	0.000	0.000	0.000	0.000	0.000	PUA-like domain	0.048
PF06207	-	0.000	-0.101	-0.132	-0.163	-0.032	0.000	0.000	0.000	0.000	0.000	0.000	0.000	0.000	Protein of unknown function (DUF1002)	0.047
PF06810	-	-0.018	0.000	-0.097	-0.004	0.000	0.000	0.000	0.000	0.000	0.000	0.000	0.000	0.000	Phage minor structural protein GP20	0.046
PF04548	+	0.029	0.049	0.000	0.000	0.006	0.000	0.000	0.000	0.000	0.000	0.000	0.000	0.000	AIG1 family	0.045
PF10592	+	0.313	0.253	0.339	0.379	0.237	0.152	0.015	0.000	0.000	0.000	0.000	0.000	0.000	AIPR protein	0.040
PF14489	-	0.000	0.000	0.000	-0.025	0.000	0.000	0.000	0.000	0.000	0.000	0.000	0.000	0.000	QueF-like protein	0.039
PF02457	+	0.039	0.035	0.000	0.113	0.000	0.000	0.000	0.000	0.000	0.000	0.000	0.000	0.000	DisA bacterial checkpoint controller nucleotide-binding	0.038
PF01076	-	0.000	0.000	-0.030	0.000	0.000	0.000	0.000	0.000	0.000	0.000	0.000	0.000	0.000	Plasmid recombination enzyme	0.037
PF08328	+	0.000	0.058	0.000	0.000	0.053	0.062	0.000	0.000	0.000	0.000	0.000	0.000	0.000	Adenylosuccinate lyase C-terminal	0.033
PF03618	-	0.000	0.000	-0.003	0.000	0.000	0.000	0.000	0.000	0.000	0.000	0.000	0.000	0.000	Kinase/pyrophosphorylase	0.032
PF03977	-	-0.041	0.000	0.000	0.000	0.000	0.000	0.000	0.000	0.000	0.000	0.000	0.000	0.000	Na+-transporting oxaloacetate decarboxylase beta subunit	0.029
PF01946	-	-0.109	-0.067	-0.200	-0.093	0.000	0.000	0.000	0.000	0.000	0.000	0.000	0.000	0.000	Thi4 family	0.028
PF03547	-	0.000	0.000	-0.008	0.000	0.000	0.000	0.000	0.000	0.000	0.000	0.000	0.000	0.000	Membrane transport protein	0.026
PF06999	+	0.000	0.000	0.250	0.042	0.000	0.000	0.000	0.000	0.000	0.000	0.000	0.000	0.000	Sucrase/ferredoxin-like	0.025
PF12733	+	0.012	0.054	0.000	0.000	0.000	0.000	0.000	0.000	0.000	0.000	0.000	0.000	0.000	Cadherin-like beta sandwich domain	0.025
PF00216	+	0.005	0.000	0.000	0.000	0.000	0.000	0.000	0.000	0.000	0.000	0.000	0.000	0.000	Bacterial DNA-binding protein	0.023
PF04886	+	0.057	0.000	0.075	0.058	0.000	0.000	0.000	0.000	0.000	0.000	0.000	0.000	0.000	PT repeat	0.020
PF11794	-	-0.019	-0.009	-0.063	0.000	0.000	0.000	0.000	0.000	0.000	0.000	0.000	0.000	0.000	4-hydroxyphenylacetate 3-hydroxylase N terminal	0.018
PF02574	+	0.000	0.000	0.000	0.022	0.000	0.000	0.000	0.000	0.000	0.000	0.000	0.000	0.000	Homocysteine S-methyltransferase	0.016
PF13376	+	0.136	0.000	0.210	0.075	0.000	0.000	0.000	0.000	0.000	0.000	0.000	0.000	0.000	Bacteriocin-protection, YdeI or OmpD-Associated	0.014
PF13723	-	0.000	0.000	0.000	-0.007	0.000	0.000	0.000	0.000	0.000	0.000	0.000	0.000	0.000	Beta-ketoacyl synthase, N-terminal domain	0.014
PF01391	-	0.000	0.000	-0.175	0.000	0.000	0.000	0.000	0.000	0.000	0.000	0.000	0.000	0.000	Collagen triple helix repeat (20 copies)	0.010
PF00318	+	0.000	0.000	0.000	0.022	0.000	0.000	0.000	0.000	0.000	0.000	0.000	0.000	0.000	Ribosomal protein S2	0.008
PF11870	-	-0.077	0.000	0.000	-0.111	0.000	0.000	0.000	0.000	0.000	0.000	0.000	0.000	0.000	Domain of unknown function (DUF3390)	0.007
PF03413	-	0.000	0.000	-0.149	0.000	0.000	0.000	0.000	0.000	0.000	0.000	0.000	0.000	0.000	Peptidase propeptide and YPEB domain	0.007
PF03243	-	0.000	0.000	-0.033	-0.096	0.000	0.000	0.000	0.000	0.000	0.000	0.000	0.000	0.000	Alkylmercury lyase	0.006
PF14552	-	-0.121	-0.033	-0.137	0.000	0.000	0.000	0.000	0.000	0.000	0.000	0.000	0.000	0.000	Tautomerase enzyme	0.004
PF14804	-	0.000	0.000	0.000	0.000	-0.006	0.000	0.000	0.000	0.000	0.000	0.000	0.000	0.000	Jag N-terminus	0.004
PF14464	-	0.000	0.000	0.000	-0.074	0.000	0.000	0.000	0.000	0.000	0.000	0.000	0.000	0.000	Prokaryotic homologs of the JAB domain	0.001
PF01797	-	0.000	-0.009	0.000	0.000	-0.012	-0.018	-0.008	0.000	0.000	0.000	0.000	0.000	0.000	Transposase IS200 like	-0.000
PF12242	+	0.073	0.000	0.000	0.000	0.000	0.000	0.000	0.000	0.000	0.000	0.000	0.000	0.000	NAD(P)H binding domain of trans-2-enoyl-CoA reductase	-0.002
PF06508	-	-0.088	0.000	-0.012	0.000	0.000	0.000	0.000	0.000	0.000	0.000	0.000	0.000	0.000	Queuosine biosynthesis protein QueC	-0.002
PF02609	-	-0.009	0.000	-0.007	0.000	0.000	0.000	0.000	0.000	0.000	0.000	0.000	0.000	0.000	Exonuclease VII small subunit	-0.005
PF05729	-	0.000	0.000	-0.115	0.000	0.000	0.000	0.000	0.000	0.000	0.000	0.000	0.000	0.000	NACHT domain	-0.006
PF03746	-	0.000	-0.007	0.000	0.000	0.000	0.000	0.000	0.000	0.000	0.000	0.000	0.000	0.000	LamB/YcsF family	-0.008
PF06414	-	-0.060	-0.042	-0.002	-0.073	-0.023	0.000	0.000	0.000	0.000	0.000	0.000	0.000	0.000	Zeta toxin	-0.012
PF02682	-	0.000	0.000	-0.141	0.000	0.000	0.000	0.000	0.000	0.000	0.000	0.000	0.000	0.000	Allophanate hydrolase subunit 1	-0.013
PF13682	-	0.000	0.000	-0.025	0.000	0.000	0.000	0.000	0.000	0.000	0.000	0.000	0.000	0.000	Chemoreceptor zinc-binding domain	-0.013
PF13529	-	-0.059	-0.017	0.000	-0.051	-0.002	0.000	0.000	0.000	0.000	0.000	0.000	0.000	0.000	Peptidase_C39 like family	-0.014
PF13394	-	0.000	-0.064	-0.076	-0.131	0.000	0.000	0.000	0.000	0.000	0.000	0.000	0.000	0.000	4Fe-4S single cluster domain	-0.014
PF03050	-	0.000	-0.028	0.000	0.000	-0.024	-0.017	0.000	0.000	0.000	0.000	0.000	0.000	0.000	Transposase IS66 family	-0.015
PF00282	+	0.044	0.000	0.082	0.096	0.000	0.000	0.000	0.000	0.000	0.000	0.000	0.000	0.000	Pyridoxal-dependent decarboxylase conserved domain	-0.016
PF13360	+	0.000	0.000	0.011	0.000	0.000	0.000	0.000	0.000	0.000	0.000	0.000	0.000	0.000	PQQ-like domain	-0.019
PF00331	+	0.000	0.006	0.000	0.000	0.000	0.000	0.000	0.000	0.000	0.000	0.000	0.000	0.000	Glycosyl hydrolase family 10	-0.020
PF01385	-	0.000	0.000	0.000	0.000	-0.047	-0.001	0.000	0.000	0.000	0.000	0.000	0.000	0.000	Probable transposase	-0.020
PF00719	+	0.022	0.014	0.000	0.034	0.047	0.054	0.051	0.000	0.000	0.000	0.000	0.000	0.000	Inorganic pyrophosphatase	-0.026
PF06100	-	0.000	0.000	-0.019	0.000	0.000	0.000	0.000	0.000	0.000	0.000	0.000	0.000	0.000	Streptococcal 67 kDa myosin-cross-reactive antigen like family	-0.026
PF12072	-	-0.377	-0.245	-0.301	-0.326	-0.131	-0.036	0.000	0.000	0.000	0.000	0.000	0.000	0.000	Domain of unknown function (DUF3552)	-0.031
PF12740	-	-0.088	0.000	-0.216	-0.073	0.000	0.000	0.000	0.000	0.000	0.000	0.000	0.000	0.000	Chlorophyllase enzyme	-0.031
PF01638	-	0.000	-0.020	0.000	-0.141	-0.004	0.000	0.000	0.000	0.000	0.000	0.000	0.000	0.000	HxlR-like helix-turn-helix	-0.031
PF01699	-	-0.130	-0.051	-0.125	0.000	0.000	0.000	0.000	0.000	0.000	0.000	0.000	0.000	0.000	Sodium/calcium exchanger protein	-0.032
PF07282	-	0.000	-0.009	0.000	0.000	-0.003	-0.050	-0.024	0.000	0.000	0.000	0.000	0.000	0.000	Putative transposase DNA-binding domain	-0.033
PF13247	+	0.000	0.052	0.000	0.000	0.000	0.000	0.000	0.000	0.000	0.000	0.000	0.000	0.000	4Fe-4S dicluster domain	-0.036
PF07683	-	-0.012	0.000	-0.063	0.000	0.000	0.000	0.000	0.000	0.000	0.000	0.000	0.000	0.000	Cobalamin synthesis protein cobW C-terminal domain	-0.038
PF12127	-	-0.060	0.000	0.000	0.000	0.000	0.000	0.000	0.000	0.000	0.000	0.000	0.000	0.000	SigmaW regulon antibacterial	-0.038
PF03845	-	0.000	0.000	0.000	-0.028	0.000	0.000	0.000	0.000	0.000	0.000	0.000	0.000	0.000	Spore germination protein	-0.038
PF08757	-	-0.133	0.000	-0.129	-0.185	0.000	0.000	0.000	0.000	0.000	0.000	0.000	0.000	0.000	CotH protein	-0.043
PF10704	-	-0.299	-0.171	-0.145	-0.213	-0.070	0.000	0.000	0.000	0.000	0.000	0.000	0.000	0.000	Protein of unknown function (DUF2508)	-0.048
PF01547	-	0.000	-0.120	-0.119	0.000	0.000	0.000	0.000	0.000	0.000	0.000	0.000	0.000	0.000	Bacterial extracellular solute-binding protein	-0.048
PF01008	-	0.000	-0.025	0.000	0.000	0.000	0.000	0.000	0.000	0.000	0.000	0.000	0.000	0.000	Initiation factor 2 subunit family	-0.050
PF14378	-	-0.103	-0.068	-0.120	-0.078	-0.042	0.000	0.000	0.000	0.000	0.000	0.000	0.000	0.000	PAP2 superfamily	-0.050
PF04014	-	-0.119	-0.113	-0.112	-0.129	-0.052	-0.034	0.000	0.000	0.000	0.000	0.000	0.000	0.000	Antidote-toxin recognition MazE	-0.053
PF00491	+	0.000	0.000	0.000	0.026	0.000	0.000	0.000	0.000	0.000	0.000	0.000	0.000	0.000	Arginase family	-0.053
PF04392	-	-0.021	0.000	-0.054	-0.054	0.000	0.000	0.000	0.000	0.000	0.000	0.000	0.000	0.000	ABC transporter substrate binding protein	-0.054
PF14531	+	0.085	0.000	0.049	0.060	0.000	0.000	0.000	0.000	0.000	0.000	0.000	0.000	0.000	Kinase-like	-0.056
PF00080	-	-0.132	-0.081	-0.030	-0.134	-0.046	-0.002	0.000	0.000	0.000	0.000	0.000	0.000	0.000	Copper/zinc superoxide dismutase (SODC)	-0.057
PF13463	-	0.000	0.000	0.000	-0.013	0.000	0.000	0.000	0.000	0.000	0.000	0.000	0.000	0.000	Winged helix DNA-binding domain	-0.057
PF01745	-	0.000	0.000	0.000	-0.004	0.000	0.000	0.000	0.000	0.000	0.000	0.000	0.000	0.000	Isopentenyl transferase	-0.059
PF10531	-	0.000	0.000	0.000	-0.054	0.000	0.000	0.000	0.000	0.000	0.000	0.000	0.000	0.000	SLBB domain	-0.060
PF13542	-	-0.013	-0.033	-0.006	-0.040	0.000	0.000	0.000	0.000	0.000	0.000	0.000	0.000	0.000	Helix-turn-helix domain of transposase family ISL3	-0.061
PF01051	-	-0.142	-0.062	-0.173	-0.201	-0.025	-0.006	0.000	0.000	0.000	0.000	0.000	0.000	0.000	Initiator Replication protein	-0.062
PF04488	-	-0.002	-0.019	-0.047	0.000	0.000	0.000	0.000	0.000	0.000	0.000	0.000	0.000	0.000	Glycosyltransferase sugar-binding region containing DXD motif	-0.063
PF13643	-	-0.021	0.000	0.000	0.000	0.000	0.000	0.000	0.000	0.000	0.000	0.000	0.000	0.000	Domain of unknown function (DUF4145)	-0.063
PF04519	+	0.083	0.027	0.024	0.000	0.003	0.000	0.000	0.000	0.000	0.000	0.000	0.000	0.000	Polymer-forming cytoskeletal	-0.064
PF09084	-	-0.141	0.000	-0.154	-0.207	0.000	0.000	0.000	0.000	0.000	0.000	0.000	0.000	0.000	NMT1/THI5 like	-0.068
PF09965	+	0.121	0.000	0.306	0.209	0.000	0.000	0.000	0.000	0.000	0.000	0.000	0.000	0.000	Uncharacterized protein conserved in bacteria (DUF2199)	-0.071
PF02965	+	0.000	0.000	0.010	0.000	0.000	0.000	0.000	0.000	0.000	0.000	0.000	0.000	0.000	Vitamin B12 dependent methionine synthase, activation domain	-0.071
PF03703	-	-0.020	0.000	-0.032	0.000	0.000	0.000	0.000	0.000	0.000	0.000	0.000	0.000	0.000	Bacterial PH domain	-0.072
PF00082	-	-0.018	0.000	-0.007	-0.030	0.000	0.000	0.000	0.000	0.000	0.000	0.000	0.000	0.000	Subtilase family	-0.073
PF04263	-	-0.135	-0.152	-0.118	-0.130	-0.150	-0.129	-0.081	0.000	0.000	0.000	0.000	0.000	0.000	Thiamin pyrophosphokinase, catalytic domain	-0.076
PF14897	-	0.000	0.000	-0.030	0.000	0.000	0.000	0.000	0.000	0.000	0.000	0.000	0.000	0.000	EpsG family	-0.081
PF10340	-	-0.146	-0.047	0.000	-0.061	0.000	0.000	0.000	0.000	0.000	0.000	0.000	0.000	0.000	Protein of unknown function (DUF2424)	-0.084
PF13500	+	0.266	0.242	0.318	0.263	0.145	0.042	0.000	0.000	0.000	0.000	0.000	0.000	0.000	AAA domain	-0.085
PF01408	-	0.000	0.000	-0.005	0.000	0.000	0.000	0.000	0.000	0.000	0.000	0.000	0.000	0.000	Oxidoreductase family, NAD-binding Rossmann fold	-0.087
PF05272	-	-0.134	-0.027	-0.263	-0.112	0.000	0.000	0.000	0.000	0.000	0.000	0.000	0.000	0.000	Virulence-associated protein E	-0.091
PF14697	-	0.000	0.000	-0.099	0.000	0.000	0.000	0.000	0.000	0.000	0.000	0.000	0.000	0.000	4Fe-4S dicluster domain	-0.092
PF06833	-	0.000	0.000	0.000	-0.012	0.000	0.000	0.000	0.000	0.000	0.000	0.000	0.000	0.000	Malonate decarboxylase gamma subunit (MdcE)	-0.094
PF14358	-	-0.027	-0.028	0.000	-0.016	0.000	0.000	0.000	0.000	0.000	0.000	0.000	0.000	0.000	Domain of unknown function (DUF4405)	-0.100
PF01978	-	-0.063	-0.069	-0.071	-0.032	-0.063	-0.044	-0.025	0.000	0.000	0.000	0.000	0.000	0.000	Sugar-specific transcriptional regulator TrmB	-0.102
PF13348	-	-0.074	-0.014	-0.096	0.000	0.000	0.000	0.000	0.000	0.000	0.000	0.000	0.000	0.000	Tyrosine phosphatase family C-terminal region	-0.102
PF01891	-	-0.019	0.000	0.000	-0.024	0.000	0.000	0.000	0.000	0.000	0.000	0.000	0.000	0.000	Cobalt uptake substrate-specific transmembrane region	-0.103
PF09991	-	-0.147	-0.015	-0.168	-0.163	-0.015	0.000	0.000	0.000	0.000	0.000	0.000	0.000	0.000	Predicted membrane protein (DUF2232)	-0.105
PF07905	-	0.000	-0.005	0.000	-0.000	0.000	0.000	0.000	0.000	0.000	0.000	0.000	0.000	0.000	Purine catabolism regulatory protein-like family	-0.108
PF07083	-	-0.274	-0.022	-0.257	-0.382	0.000	0.000	0.000	0.000	0.000	0.000	0.000	0.000	0.000	Protein of unknown function (DUF1351)	-0.110
PF03741	-	0.000	0.000	-0.011	0.000	0.000	0.000	0.000	0.000	0.000	0.000	0.000	0.000	0.000	Integral membrane protein TerC family	-0.112
PF02275	-	-0.259	-0.185	-0.180	-0.156	-0.157	-0.125	-0.078	0.000	0.000	0.000	0.000	0.000	0.000	Linear amide C-N hydrolases, choloylglycine hydrolase family	-0.112
PF02436	-	0.000	-0.079	0.000	-0.170	-0.037	0.000	0.000	0.000	0.000	0.000	0.000	0.000	0.000	Conserved carboxylase domain	-0.115
PF01050	+	0.107	0.092	0.049	0.112	0.000	0.000	0.000	0.000	0.000	0.000	0.000	0.000	0.000	Mannose-6-phosphate isomerase	-0.116
PF09369	-	0.000	0.000	0.000	-0.088	0.000	0.000	0.000	0.000	0.000	0.000	0.000	0.000	0.000	Domain of unknown function (DUF1998)	-0.117
PF07510	-	-0.016	0.000	-0.021	0.000	0.000	0.000	0.000	0.000	0.000	0.000	0.000	0.000	0.000	Protein of unknown function (DUF1524)	-0.119
PF10081	-	-0.015	0.000	-0.087	-0.043	0.000	0.000	0.000	0.000	0.000	0.000	0.000	0.000	0.000	Alpha/beta-hydrolase family	-0.124
PF15420	-	-0.003	0.000	-0.013	0.000	0.000	0.000	0.000	0.000	0.000	0.000	0.000	0.000	0.000	Alpha/beta-hydrolase family N-terminus	-0.124
PF02585	-	0.000	-0.009	0.000	0.000	0.000	0.000	0.000	0.000	0.000	0.000	0.000	0.000	0.000	GlcNAc-PI de-N-acetylase	-0.127
PF14393	-	-0.086	-0.112	-0.150	-0.039	-0.096	-0.045	0.000	0.000	0.000	0.000	0.000	0.000	0.000	Domain of unknown function (DUF4422)	-0.127
PF05544	-	0.000	-0.016	0.000	-0.044	0.000	0.000	0.000	0.000	0.000	0.000	0.000	0.000	0.000	Proline racemase	-0.128
PF08392	-	-0.048	0.000	-0.048	-0.010	0.000	0.000	0.000	0.000	0.000	0.000	0.000	0.000	0.000	FAE1/Type III polyketide synthase-like protein	-0.140
PF13379	-	-0.031	-0.070	0.000	0.000	-0.004	0.000	0.000	0.000	0.000	0.000	0.000	0.000	0.000	NMT1-like family	-0.144
PF12784	-	0.000	-0.015	0.000	0.000	0.000	0.000	0.000	0.000	0.000	0.000	0.000	0.000	0.000	PD-(D/E)XK nuclease family transposase	-0.145
PF13565	-	-0.102	-0.088	-0.221	-0.083	-0.023	0.000	0.000	0.000	0.000	0.000	0.000	0.000	0.000	Homeodomain-like domain	-0.146
PF02310	+	0.458	0.238	0.487	0.495	0.062	0.000	0.000	0.000	0.000	0.000	0.000	0.000	0.000	B12 binding domain	-0.151
PF13240	-	0.000	-0.071	0.000	-0.139	-0.048	-0.026	0.000	0.000	0.000	0.000	0.000	0.000	0.000	zinc-ribbon domain	-0.154
PF07804	-	-0.016	0.000	0.000	-0.062	0.000	0.000	0.000	0.000	0.000	0.000	0.000	0.000	0.000	HipA-like C-terminal domain	-0.156
PF14532	-	0.000	0.000	-0.003	0.000	0.000	0.000	0.000	0.000	0.000	0.000	0.000	0.000	0.000	Sigma-54 interaction domain	-0.161
PF13768	-	0.000	-0.015	-0.104	-0.116	0.000	0.000	0.000	0.000	0.000	0.000	0.000	0.000	0.000	von Willebrand factor type A domain	-0.161
PF05402	-	-0.054	0.000	-0.163	-0.124	0.000	0.000	0.000	0.000	0.000	0.000	0.000	0.000	0.000	Coenzyme PQQ synthesis protein D (PqqD)	-0.164
PF01144	-	-0.014	0.000	0.000	0.000	0.000	0.000	0.000	0.000	0.000	0.000	0.000	0.000	0.000	Coenzyme A transferase	-0.164
PF00725	-	0.000	0.000	-0.065	0.000	0.000	0.000	0.000	0.000	0.000	0.000	0.000	0.000	0.000	3-hydroxyacyl-CoA dehydrogenase, C-terminal domain	-0.166
PF04011	-	0.000	0.000	-0.016	-0.012	0.000	0.000	0.000	0.000	0.000	0.000	0.000	0.000	0.000	LemA family	-0.168
PF01969	-	0.000	0.000	-0.040	0.000	0.000	0.000	0.000	0.000	0.000	0.000	0.000	0.000	0.000	Protein of unknown function DUF111	-0.171
PF07228	-	-0.163	-0.079	-0.105	-0.210	0.000	0.000	0.000	0.000	0.000	0.000	0.000	0.000	0.000	Stage II sporulation protein E (SpoIIE)	-0.176
PF01613	-	-0.145	0.000	-0.201	-0.165	0.000	0.000	0.000	0.000	0.000	0.000	0.000	0.000	0.000	Flavin reductase like domain	-0.178
PF01957	-	-0.179	-0.079	-0.159	-0.159	-0.003	0.000	0.000	0.000	0.000	0.000	0.000	0.000	0.000	NfeD-like C-terminal, partner-binding	-0.185
PF08666	-	-0.036	0.000	-0.007	0.000	0.000	0.000	0.000	0.000	0.000	0.000	0.000	0.000	0.000	SAF domain	-0.188
PF04951	-	-0.044	0.000	0.000	-0.100	0.000	0.000	0.000	0.000	0.000	0.000	0.000	0.000	0.000	D-aminopeptidase	-0.188
PF13243	-	0.000	-0.016	0.000	0.000	0.000	0.000	0.000	0.000	0.000	0.000	0.000	0.000	0.000	Prenyltransferase-like	-0.189
PF00931	-	-0.003	0.000	-0.032	-0.044	0.000	0.000	0.000	0.000	0.000	0.000	0.000	0.000	0.000	NB-ARC domain	-0.197
PF13432	+	0.239	0.013	0.327	0.315	0.000	0.000	0.000	0.000	0.000	0.000	0.000	0.000	0.000	Tetratricopeptide repeat	-0.205
PF00670	+	0.000	0.000	0.101	0.067	0.000	0.000	0.000	0.000	0.000	0.000	0.000	0.000	0.000	S-adenosyl-L-homocysteine hydrolase, NAD binding domain	-0.206
PF01734	-	-0.047	-0.051	-0.069	-0.058	-0.001	0.000	0.000	0.000	0.000	0.000	0.000	0.000	0.000	Patatin-like phospholipase	-0.210
PF03481	-	0.000	-0.034	0.000	0.000	-0.076	-0.092	-0.071	0.000	0.000	0.000	0.000	0.000	0.000	Putative GTP-binding controlling metal-binding	-0.212
PF00515	-	-0.147	-0.010	-0.141	-0.151	0.000	0.000	0.000	0.000	0.000	0.000	0.000	0.000	0.000	Tetratricopeptide repeat	-0.215
PF01850	-	-0.033	0.000	-0.035	0.000	0.000	0.000	0.000	0.000	0.000	0.000	0.000	0.000	0.000	PIN domain	-0.216
PF08486	-	0.000	-0.137	0.000	0.000	-0.090	-0.029	0.000	0.000	0.000	0.000	0.000	0.000	0.000	Stage II sporulation protein	-0.217
PF10294	-	0.000	0.000	-0.056	-0.030	0.000	0.000	0.000	0.000	0.000	0.000	0.000	0.000	0.000	Putative methyltransferase	-0.217
PF12682	-	0.000	-0.032	0.000	0.000	-0.020	0.000	0.000	0.000	0.000	0.000	0.000	0.000	0.000	Flavodoxin	-0.218
PF00111	+	0.000	0.000	0.000	0.006	0.000	0.000	0.000	0.000	0.000	0.000	0.000	0.000	0.000	2Fe-2S iron-sulfur cluster binding domain	-0.219
PF03186	-	0.000	0.000	-0.182	0.000	0.000	0.000	0.000	0.000	0.000	0.000	0.000	0.000	0.000	CobD/Cbib protein	-0.219
PF01809	-	-0.095	-0.068	0.000	-0.050	-0.046	-0.026	0.000	0.000	0.000	0.000	0.000	0.000	0.000	Haemolytic domain	-0.236
PF03008	-	0.000	0.000	-0.043	-0.103	0.000	0.000	0.000	0.000	0.000	0.000	0.000	0.000	0.000	Archaea bacterial proteins of unknown function	-0.239
PF07021	-	0.000	0.000	-0.055	0.000	0.000	0.000	0.000	0.000	0.000	0.000	0.000	0.000	0.000	Methionine biosynthesis protein MetW	-0.245
PF13524	-	-0.049	-0.020	0.000	-0.042	-0.025	-0.019	0.000	0.000	0.000	0.000	0.000	0.000	0.000	Glycosyl transferases group 1	-0.251
PF13621	+	0.185	0.149	0.223	0.153	0.008	0.000	0.000	0.000	0.000	0.000	0.000	0.000	0.000	Cupin-like domain	-0.255
PF01964	-	-0.190	-0.113	-0.092	-0.132	-0.030	0.000	0.000	0.000	0.000	0.000	0.000	0.000	0.000	ThiC family	-0.255
PF06947	-	-0.009	-0.016	-0.137	0.000	0.000	0.000	0.000	0.000	0.000	0.000	0.000	0.000	0.000	Protein of unknown function (DUF1290)	-0.262
PF05949	-	-0.053	-0.031	0.000	-0.052	0.000	0.000	0.000	0.000	0.000	0.000	0.000	0.000	0.000	Bacterial protein of unknown function (DUF881)	-0.262
PF01968	+	0.038	0.000	0.137	0.041	0.000	0.000	0.000	0.000	0.000	0.000	0.000	0.000	0.000	Hydantoinase/oxoprolinase	-0.266
PF09967	-	-0.043	0.000	-0.127	-0.018	0.000	0.000	0.000	0.000	0.000	0.000	0.000	0.000	0.000	VWA-like domain (DUF2201)	-0.266
PF11760	-	-0.143	-0.117	0.000	-0.251	-0.015	0.000	0.000	0.000	0.000	0.000	0.000	0.000	0.000	Cobalamin synthesis G N-terminal	-0.268
PF00733	-	-0.081	0.000	-0.069	-0.039	0.000	0.000	0.000	0.000	0.000	0.000	0.000	0.000	0.000	Asparagine synthase	-0.278
PF07685	-	0.000	-0.040	0.000	0.000	-0.096	-0.059	-0.019	0.000	0.000	0.000	0.000	0.000	0.000	CobB/CobQ-like glutamine amidotransferase domain	-0.289
PF04909	-	-0.069	-0.038	-0.142	-0.098	-0.093	-0.095	-0.087	0.000	0.000	0.000	0.000	0.000	0.000	Amidohydrolase	-0.298
PF00075	-	-0.111	-0.033	-0.140	-0.205	0.000	0.000	0.000	0.000	0.000	0.000	0.000	0.000	0.000	RNase H	-0.315
PF00301	-	0.000	-0.034	0.000	0.000	-0.018	0.000	0.000	0.000	0.000	0.000	0.000	0.000	0.000	Rubredoxin	-0.350
PF13229	-	-0.023	0.000	0.000	0.000	0.000	0.000	0.000	0.000	0.000	0.000	0.000	0.000	0.000	Right handed beta helix region	-0.359
PF12900	-	-0.030	0.000	-0.007	0.000	0.000	0.000	0.000	0.000	0.000	0.000	0.000	0.000	0.000	Pyridoxamine 5'-phosphate oxidase	-0.378
PF01012	-	0.000	0.000	0.000	-0.033	0.000	0.000	0.000	0.000	0.000	0.000	0.000	0.000	0.000	Electron transfer flavoprotein domain	-0.386
PF03576	-	0.000	-0.012	0.000	0.000	0.000	0.000	0.000	0.000	0.000	0.000	0.000	0.000	0.000	Peptidase family S58	-0.391
PF02915	+	0.462	0.333	0.510	0.555	0.093	0.000	0.000	0.000	0.000	0.000	0.000	0.000	0.000	Rubrerythrin	-0.483
PF03309	-	0.000	0.000	0.000	0.000	-0.014	-0.005	-0.005	0.000	0.000	0.000	0.000	0.000	0.000	Type III pantothenate kinase	-0.555
PF00142	-	-0.162	-0.248	-0.194	-0.211	-0.214	-0.165	-0.110	0.000	0.000	0.000	0.000	0.000	0.000	4Fe-4S iron sulfur cluster binding proteins, NifH/frxC family	-0.604
